col,var,stfid,fipsstco,tract,group,ct_bg_id,area_sqft,area_sqmi,area_acres,int_densit,rfa,mix_fl_3,nrd_06_upd,wlk_ind_06,walk_index,num_hous_h,tot_pop,urban_bg,fast_fd_ct,grocery_ct,fast_f_den,ff_dens_ac,ff_den_100,grocer_den,library_p,child_care,chld_cr_ct,park_count,elem_sch_p,bus_stop_p,lrt_cr_stp,bus_stp_ct,bus_sp_den,park_prese,park_inter,p_acreage,pk_acr_den,pk_den1000,hospital_p,du_tot2010,du_res_day,du_res_lib,du_res_par,du_res_gro,du_res_fas,du_res_ele,du_health,du_heafood,du_hou_tsa,du_pollu,du_hou_bik,per_du_day,per_du_lib,per_du_par,per_du_gro,per_du_ff,per_du_ele,per_du_hea,per_duhfoo,per_du_tsa,per_du_pol,per_dubik2,ct_minori,ct_low_inc,ct_low_mob,ct_low_com,ct_concern,ct_ma_misc,ct_mali_yr,crim_mapop,ct_violnt5,ct_vio_yr2,crm_rt_vio,ped_inv_ct,ped_dayyr2,ped_c_rate,cyc_inv_ct,cyc_dayyr2,cyc_c_rate,daypoparea,daypop_per,day_pop_bg,daypop_1x3,totpop1000,res_pop_10,pop_den_10,pop_den_mi,pop_den_ac,arter_den,traf_volum,tot_par_ct,lot_sur_ct,lot_str_ct,pk_lot_ct,vacnt_ct,per_vacant,per_lot_su,per_lot_st,per_pk_lot,road_allft,rd_walk_ft,rd_walk_10,sidewk_ft2,sidewk_rdn,side_c_per,side_none,side_parti,side_atlas,cn_transit,cn_parks,cn_he_food,cn_trails,cn_daycare,cn_health,cn_library,cn_elem_sc,cs_tis,cs_ypas,cs_pai,cs_ped_saf,cs_cyc_saf,cs_tsfy,nu_cn_indiB,,,,,,,,,,,,,,,,,,,,,,,,,,,,,,,,,,,,,,,,,,,,,,,,,,,,,,,,,,,,,,,,,,,,,,,,,,,,,,,,,,,,,,,,,,,,,,,,,,,,,,,,,,,,,,,,,,,,,,,,,,,C,stfid,,,,,,,,,,,,,,,,,,,,,,,,,,,,,,,,,,,,,,,,,,,,,,,,,,,,,,,,,,,,,,,,,,,,,,,,,,,,,,,,,,,,,,,,,,,,,,,,,,,,,,,,,,,,,,,,,,,,,,,,,,D,fipsstco,,,,,,,,,,,,,,,,,,,,,,,,,,,,,,,,,,,,,,,,,,,,,,,,,,,,,,,,,,,,,,,,,,,,,,,,,,,,,,,,,,,,,,,,,,,,,,,,,,,,,,,,,,,,,,,,,,,,,,,,,,E,tract,,,,,,,,,,,,,,,,,,,,,,,,,,,,,,,,,,,,,,,,,,,,,,,,,,,,,,,,,,,,,,,,,,,,,,,,,,,,,,,,,,,,,,,,,,,,,,,,,,,,,,,,,,,,,,,,,,,,,,,,,,F,group,,,,,,,,,,,,,,,,,,,,,,,,,,,,,,,,,,,,,,,,,,,,,,,,,,,,,,,,,,,,,,,,,,,,,,,,,,,,,,,,,,,,,,,,,,,,,,,,,,,,,,,,,,,,,,,,,,,,,,,,,,G,ct_bg_id,,,,,,,,,,,,,,,,,,,,,,,,,,,,,,,,,,,,,,,,,,,,,,,,,,,,,,,,,,,,,,,,,,,,,,,,,,,,,,,,,,,,,,,,,,,,,,,,,,,,,,,,,,,,,,,,,,,,,,,,,,H,area_sqft,,,,,,1,1,1,-0.181202864,-0.093370946,-0.051170932,-0.076106,-0.133093409,-0.14060525,0.146140379,0.259833318,-0.38959505,0.004578037,0.071241304,-0.04474071,-0.044740982,-0.04474071,-0.049769697,0.10067101,0.073290999,0.050219831,0.191059313,0.083909108,-0.080085628,-0.011550773,0.165692279,-0.080589926,0.111242087,0.115180869,0.533916635,0.481672251,0.481672251,-0.008485331,0.176235998,-0.038570466,-0.036178804,0.044310184,-0.037632741,-0.038864523,-0.075527485,-0.04511675,-0.038421636,-0.073739647,0.098920039,0.00991289,-0.16401904,-0.053493117,-0.125911626,-0.153376,-0.188033291,-0.129280505,-0.056057659,-0.156314829,-0.114089786,-0.028869359,-0.097808235,-0.023530209,-0.045540763,0.085996327,0.010817605,0.002839472,-0.043355157,-0.043355157,-0.039727914,-0.017612749,-0.017612749,-0.02396539,-0.012647333,-0.012647333,-0.066784506,-0.000729821,-0.000729821,-0.054766709,0.99992394,0.100142987,0.246717597,0.246717596,0.259833318,0.247659417,-0.149300758,-0.141662298,-0.141662298,-0.113747999,-0.149951324,0.310581983,-0.012110919,-0.007242742,-0.012282592,0.641047203,0.512319264,-0.021540472,-0.009248434,-0.021042124,0.811212287,0.820217286,0.770486232,-0.033840564,-0.225450223,-0.225450234,0.531065226,0.121164977,-0.369609009,-0.108230217,-0.111727605,-0.147844479,-0.052561118,-0.15375132,-0.049446011,-0.048033291,-0.112641312,-0.195148061,-0.208884633,-0.047317446,0.047487869,0.097995797,0.005907548,-0.177180469I,area_sqmi,,,,,,1,1,1,-0.181202864,-0.093370947,-0.051170932,-0.076106,-0.133093409,-0.14060525,0.14614038,0.259833319,-0.389595049,0.004578037,0.071241304,-0.04474071,-0.044740982,-0.044740709,-0.049769698,0.10067101,0.073290999,0.050219831,0.191059313,0.083909108,-0.080085628,-0.011550772,0.165692279,-0.080589926,0.111242087,0.115180869,0.533916634,0.48167225,0.48167225,-0.00848533,0.176235998,-0.038570465,-0.036178804,0.044310184,-0.03763274,-0.038864522,-0.075527484,-0.045116749,-0.038421635,-0.073739647,0.098920039,0.00991289,-0.164019039,-0.053493117,-0.125911625,-0.153375999,-0.18803329,-0.129280504,-0.056057658,-0.156314829,-0.114089786,-0.02886936,-0.097808235,-0.023530209,-0.045540763,0.085996327,0.010817604,0.002839472,-0.043355157,-0.043355157,-0.039727914,-0.017612748,-0.017612748,-0.02396539,-0.012647333,-0.012647333,-0.066784506,-0.00072982,-0.00072982,-0.054766709,0.99992394,0.100142987,0.246717597,0.246717597,0.259833319,0.247659417,-0.149300758,-0.141662298,-0.141662298,-0.113747998,-0.149951323,0.310581983,-0.012110918,-0.007242742,-0.012282592,0.641047202,0.512319263,-0.021540472,-0.009248434,-0.021042124,0.811212287,0.820217286,0.770486232,-0.033840564,-0.225450222,-0.225450233,0.531065225,0.121164977,-0.369609009,-0.108230217,-0.111727605,-0.147844479,-0.052561117,-0.15375132,-0.04944601,-0.048033291,-0.112641312,-0.19514806,-0.208884632,-0.047317446,0.047487869,0.097995796,0.005907547,-0.177180468J,area_acres,,,,,,1,1,1,-0.181202864,-0.093370946,-0.051170932,-0.076106,-0.133093409,-0.14060525,0.146140379,0.259833317,-0.38959505,0.004578037,0.071241304,-0.04474071,-0.044740982,-0.04474071,-0.049769697,0.10067101,0.073290999,0.050219831,0.191059313,0.083909108,-0.080085628,-0.011550773,0.165692279,-0.080589926,0.111242087,0.115180869,0.533916635,0.481672251,0.481672251,-0.008485331,0.176235998,-0.038570466,-0.036178804,0.044310184,-0.037632741,-0.038864523,-0.075527485,-0.04511675,-0.038421636,-0.073739647,0.098920039,0.00991289,-0.16401904,-0.053493117,-0.125911626,-0.153376,-0.188033291,-0.129280505,-0.056057659,-0.156314829,-0.114089786,-0.028869359,-0.097808235,-0.023530209,-0.045540763,0.085996327,0.010817605,0.002839472,-0.043355157,-0.043355157,-0.039727914,-0.017612749,-0.017612749,-0.02396539,-0.012647333,-0.012647333,-0.066784506,-0.000729821,-0.000729821,-0.054766709,0.99992394,0.100142987,0.246717597,0.246717596,0.259833317,0.247659417,-0.149300758,-0.141662298,-0.141662298,-0.113747999,-0.149951324,0.310581983,-0.012110919,-0.007242742,-0.012282592,0.641047203,0.512319263,-0.021540472,-0.009248434,-0.021042124,0.811212287,0.820217286,0.770486232,-0.033840564,-0.225450223,-0.225450234,0.531065226,0.121164977,-0.369609009,-0.108230217,-0.111727605,-0.147844479,-0.052561118,-0.15375132,-0.049446011,-0.048033291,-0.112641312,-0.195148061,-0.208884633,-0.047317446,0.047487869,0.097995797,0.005907548,-0.177180469K,int_densit,,,,,,-0.181202864,-0.181202864,-0.181202864,1,0.534659872,0.192457467,0.36953196,0.71460511,0.793346073,-0.140853635,-0.170296097,0.334544703,-0.043222326,0.064518104,0.267430719,0.267430752,0.267430719,0.366369523,0.021443364,-0.022929797,-0.025074068,-0.247158707,-0.096553334,0.155718042,-0.033885081,-0.055257003,0.435208849,-0.213292619,-0.239871999,-0.190689841,-0.166212845,-0.166212845,-0.01605869,-0.188752792,0.200446398,0.21658877,0.049523475,0.20956778,0.135546833,0.220633825,0.278597942,0.2066849,0.30482189,-0.082816708,0.119651562,0.528110347,0.327778799,0.368422463,0.555062716,0.530372095,0.459418406,0.395491186,0.554676954,0.548053832,-0.010460152,0.343982866,0.326557426,0.355610121,0.105400628,0.310592073,0.26298506,0.096606536,0.096606536,0.144661244,0.130815584,0.130815584,0.15641521,0.199557409,0.199557409,0.322016306,0.094548475,0.094548475,0.252783102,-0.181530051,-0.269019838,-0.182487578,-0.182487579,-0.170296097,-0.252120124,0.653911769,0.619658837,0.619658837,0.099531308,0.179962742,-0.361994383,0.130583725,0.073081924,0.131740649,-0.247205107,-0.297014873,0.133009468,0.075030795,0.132044904,-0.283111235,-0.278609636,-0.346356943,-0.187112992,0.425686237,0.425686204,-0.208820292,-0.315321919,0.361516667,0.511528067,0.298143319,0.465488333,0.149802944,0.443592691,0.353674606,0.281203742,0.419597173,0.588612982,0.577234942,-0.102794654,-0.079828549,-0.083700987,-0.067796427,0.647388158L,rfa,,,,,,-0.093370946,-0.093370947,-0.093370946,0.534659872,1,0.429740766,0.395646894,0.804047277,0.805058088,-0.009483123,-0.092622004,0.196749924,0.070193619,0.127071391,0.22144941,0.221449525,0.221449409,0.267835354,0.041105443,0.030436362,0.025179987,-0.010885798,-0.077746082,0.172128461,0.063784437,0.078805277,0.350325459,-0.060393851,-0.058028187,-0.131115662,-0.120236406,-0.120236406,0.027180256,-0.008194667,0.260850138,0.288801692,0.150953232,0.317554756,0.271021949,0.124192075,0.288103255,0.309443212,0.312227121,0.044669621,0.22525473,0.395954781,0.322447313,0.266955842,0.496482601,0.496899607,0.162888944,0.308765947,0.480900506,0.419402017,0.052533856,0.317538432,0.067495264,0.203445159,0.100510806,0.080204051,0.096112541,0.158144083,0.158144083,0.199806816,0.17692748,0.17692748,0.214054749,0.242137853,0.242137853,0.170029662,0.235440775,0.235440775,0.169791485,-0.093547015,-0.104182843,-0.005052779,-0.005052779,-0.092622004,-0.098974426,0.36962613,0.314426213,0.314426214,0.136588345,0.2194919,-0.218787387,0.306101576,0.094625257,0.298192362,-0.140200418,-0.17579004,0.258841894,0.088279824,0.250159521,-0.13499525,-0.137284904,-0.198135668,-0.076236834,0.234788447,0.234788448,-0.143936928,-0.174721624,0.211752469,0.399799155,0.210986029,0.41099794,0.212110706,0.328107758,0.277340149,0.271107986,0.157855204,0.434259628,0.354948183,-0.202875201,-0.130966335,-0.092512857,-0.06022409,0.489288729M,mix_fl_3,,,,,,-0.051170932,-0.051170932,-0.051170932,0.192457467,0.429740766,1,0.380576504,0.679385012,0.611746519,0.066441338,-0.008754124,0.165237651,0.405836058,0.362705381,0.331056618,0.331056485,0.331056617,0.252981928,0.130732363,0.123165394,0.144427728,0.011655492,-0.058493781,0.264689596,0.231996611,0.291673852,0.317805045,0.000840248,-0.068289721,-0.091071851,-0.081557641,-0.081557641,0.064025898,0.062621206,0.292229069,0.258785192,0.134435783,0.386744083,0.375573827,0.085105461,0.334102161,0.385061796,0.309548698,0.169831449,0.241743606,0.316514932,0.261533253,0.141242039,0.456599842,0.492316971,0.055951803,0.342427603,0.449195166,0.321858958,0.188258393,0.261086814,0.059852031,0.216140755,0.120023289,0.167714995,0.095684384,0.359755959,0.359755959,0.270914568,0.407756323,0.407756323,0.361860712,0.472077187,0.472077187,0.218072555,0.399244559,0.399244559,0.135295168,-0.051488882,0.049653301,0.136084555,0.136084555,-0.008754124,-0.005963013,0.187875667,0.117884824,0.117884825,0.371465996,0.508437814,-0.217783291,0.328018309,0.145901565,0.325706283,-0.08298055,-0.044676039,0.284660951,0.167552318,0.283419326,-0.07587364,-0.097586204,-0.116474348,-0.003771086,0.060909621,0.06090961,-0.088419672,-0.146577689,0.161038053,0.300215018,0.110867027,0.4092913,0.183323686,0.275064052,0.321353938,0.222709526,0.047497429,0.287972308,0.187767134,-0.490147215,-0.464356777,-0.334884029,-0.226250147,0.396578931N,nrd_06_upd,,,,,,-0.076106,-0.076106,-0.076106,0.36953196,0.395646894,0.380576504,1,0.731552356,0.467838024,0.011199805,-0.071456232,0.143290709,0.18046902,0.171020067,0.462748374,0.462748053,0.462748373,0.348776393,0.015088855,-0.030137382,-0.025703827,-0.005409456,-0.090962061,0.142214073,0.255624756,0.130262865,0.498881802,-0.046204408,-0.061747156,-0.087137468,-0.075175939,-0.075175939,0.000734798,0.104780936,0.320573993,0.3694731,0.260694468,0.361931565,0.329114751,0.102312114,0.40753793,0.359571828,0.418054349,0.124096905,0.328601284,0.266436579,0.254571882,0.249709872,0.324049123,0.323815603,0.09670226,0.304646978,0.305424933,0.337705088,0.083413642,0.273626776,0.064132976,0.174352916,0.199108746,0.147881127,0.1509592,0.240257877,0.240257877,0.243716037,0.504736446,0.504736446,0.557412994,0.466137341,0.466137341,0.164570542,0.263329799,0.263329799,0.089934379,-0.076254306,-0.04676488,0.061284024,0.061284023,-0.071456232,-0.031779175,0.458415286,0.340841888,0.340841889,0.346740697,0.362096055,-0.223731594,0.582033827,0.402923107,0.597880619,-0.110955688,-0.111144993,0.701022894,0.567112436,0.71617579,-0.12233963,-0.12568292,-0.156510934,-0.053435956,0.265210471,0.265210481,-0.096129281,-0.125847408,0.150476801,0.32805395,0.19451833,0.266506081,0.234904411,0.221324137,0.289369461,0.216671926,0.094792456,0.391587532,0.319818908,-0.469163002,-0.272821618,-0.233166721,-0.114122581,0.386228603O,wlk_ind_06,,,,,,-0.133093409,-0.133093409,-0.133093409,0.71460511,0.804047277,0.679385012,0.731552356,1,0.913367239,-0.026897061,-0.117252261,0.28232391,0.209061158,0.249805942,0.436022307,0.436022203,0.436022306,0.422753696,0.073469288,0.03538678,0.042588385,-0.085297483,-0.107216485,0.251493464,0.176590316,0.152150657,0.547091688,-0.107440158,-0.142937319,-0.167115159,-0.148973771,-0.148973771,0.024942968,-0.011010903,0.365481381,0.386977754,0.202190299,0.433011739,0.377436745,0.183662375,0.446419806,0.427812972,0.457074711,0.087534584,0.310122721,0.514376123,0.398839108,0.350766742,0.62306279,0.627068504,0.267327799,0.461915082,0.608492001,0.553413496,0.107748898,0.405447889,0.176200434,0.32598538,0.180467409,0.242018018,0.205052997,0.290516754,0.290516754,0.292431987,0.416483614,0.416483614,0.439871507,0.472559658,0.472559658,0.300017375,0.340204147,0.340204147,0.222840996,-0.133423459,-0.124935205,0.002835235,0.002835234,-0.117252261,-0.133653639,0.568172051,0.474841244,0.474841244,0.32417804,0.429524755,-0.347360269,0.461636674,0.243884329,0.463722038,-0.194134432,-0.210188579,0.471231576,0.306077437,0.472560099,-0.2066699,-0.214570437,-0.27419363,-0.10948237,0.335583995,0.335583984,-0.17894831,-0.258605865,0.297989247,0.523542362,0.278895212,0.527256694,0.262648044,0.432172307,0.424303288,0.338840452,0.247538065,0.57842237,0.491157524,-0.43088799,-0.32227783,-0.253629914,-0.159109318,0.654133688P,walk_index,,,,,,-0.14060525,-0.14060525,-0.14060525,0.793346073,0.805058088,0.611746519,0.467838024,0.913367239,1,-0.074943904,-0.119104041,0.299245788,0.139192456,0.217236936,0.343098418,0.343098501,0.343098418,0.419140109,0.062177042,0.035965006,0.047646261,-0.120877239,-0.09571698,0.235691112,0.085157385,0.096096378,0.471792695,-0.122254635,-0.153323763,-0.17471541,-0.154965533,-0.154965533,0.020496498,-0.103341121,0.291754379,0.304367548,0.123022882,0.34903078,0.281322146,0.201619843,0.380001019,0.344148461,0.37319899,0.027403078,0.218498328,0.552579594,0.390697439,0.371298779,0.655054877,0.644180686,0.35999098,0.480692674,0.647967887,0.58021656,0.10445163,0.406030787,0.262029015,0.411661759,0.167011805,0.304159797,0.229531496,0.229951954,0.229951954,0.235621829,0.28264442,0.28264442,0.288849311,0.364456403,0.364456403,0.334746007,0.275176998,0.275176998,0.245303601,-0.140926474,-0.152457465,-0.037166674,-0.037166674,-0.119104041,-0.169484869,0.597363603,0.533606981,0.533606981,0.193010411,0.312666255,-0.354310397,0.283308589,0.102631259,0.278073038,-0.205243709,-0.225753763,0.25872014,0.104368356,0.251943259,-0.219838898,-0.226121269,-0.295634543,-0.145571631,0.347846311,0.347846282,-0.187483392,-0.275619382,0.316563042,0.542697877,0.297186438,0.557736697,0.223150383,0.466360435,0.435219907,0.332544134,0.324217212,0.596134123,0.536734989,-0.27429124,-0.221412938,-0.153215089,-0.143860742,0.693352849Q,num_hous_h,,,,,,0.146140379,0.14614038,0.146140379,-0.140853635,-0.009483123,0.066441338,0.011199805,-0.026897061,-0.074943904,1,0.820318284,-0.035408814,0.148801324,0.107862734,-0.017569823,-0.017569753,-0.017569824,-0.046097179,0.061427046,0.179242741,0.150051371,0.232434908,0.179576379,0.126957994,0.026553849,0.32417509,-0.073973383,0.186559783,0.171218245,0.025841148,-0.026220452,-0.026220452,0.017408192,0.807653102,0.56453902,0.176689678,0.539447321,0.573106877,0.640768743,0.416389856,0.11745903,0.580445075,0.295240915,0.370675807,0.423298895,-0.068567779,-0.041398467,-0.084952994,-0.056471739,-0.037124166,-0.102497561,-0.047517541,-0.053047133,-0.093760626,0.02348973,-0.018971558,-0.12548407,-0.105460829,-0.053130601,-0.104572935,-0.138389319,0.312773149,0.312773149,-0.095510831,0.177404697,0.177404697,-0.079067546,0.168898662,0.168898662,-0.077466347,0.199978855,0.199978855,-0.055022687,0.146594027,0.464742204,0.24527775,0.245277751,0.820318284,0.648498955,-0.022999514,-0.012091102,-0.012091102,0.126998394,0.120497598,0.407330676,0.013202452,0.051580247,0.019440002,0.090853894,0.00407726,-0.034251735,0.000894754,-0.031620203,0.345779538,0.341379397,0.191020023,0.403118183,-0.108544373,-0.108544364,-0.02882167,0.137318133,-0.075352098,-0.091457117,-0.077842004,-0.053003712,0.001247623,-0.068548632,-0.036267557,-0.050759199,-0.090466825,-0.098748867,-0.113745699,-0.025340513,-0.124351344,-0.093853789,-0.045426558,-0.101933165R,tot_pop,,,,,,0.259833318,0.259833319,0.259833317,-0.170296097,-0.092622004,-0.008754124,-0.071456232,-0.117252261,-0.119104041,0.820318284,1,-0.054914888,0.109360377,0.072483029,-0.050907322,-0.050907141,-0.050907325,-0.049797855,0.023402594,0.181958435,0.164608024,0.263495201,0.218086163,0.130885722,0.023830644,0.47206407,-0.088706321,0.201930404,0.172639177,0.027395898,-0.019750895,-0.019750895,0.041103888,0.683146481,0.408216737,0.069028441,0.468934972,0.383149149,0.433054551,0.31331047,0.067777238,0.387695868,0.157631803,0.385813546,0.308167116,-0.078630835,-0.082913255,-0.060387865,-0.086771531,-0.089747726,-0.052946459,-0.03163944,-0.083988566,-0.084692975,0.033416504,-0.068133683,0.000267113,0.010452742,-0.078002013,0.032872117,-0.063892512,0.260752182,0.260752182,-0.112568307,0.153988603,0.153988603,-0.097165755,0.152505854,0.152505854,-0.051210302,0.147879616,0.147879616,-0.058872998,0.260327989,0.468482174,0.470124915,0.470124917,1,0.767764994,-0.037975337,-0.005188303,-0.005188303,0.058219631,0.042331373,0.371118957,-0.039597212,0.0125328,-0.035142911,0.085014925,0.026491931,-0.064584078,-0.018478953,-0.061999477,0.542186061,0.533085049,0.196331317,0.355372249,-0.104501124,-0.104501139,-0.017744843,0.181061351,-0.096821382,-0.090012792,-0.040971672,-0.081168624,-0.050158137,-0.08054763,-0.022691014,-0.078857637,-0.050046259,-0.114892155,-0.103284951,0.028431079,-0.068582908,-0.048744776,-0.046920221,-0.107887041S,urban_bg,,,,,,-0.38959505,-0.389595049,-0.38959505,0.334544703,0.196749924,0.165237651,0.143290709,0.28232391,0.299245788,-0.035408814,-0.054914888,1,-0.004830855,-0.027823509,0.088272162,0.088272153,0.088272162,0.097259277,-0.054762214,-0.025688162,-0.013247661,-0.265348538,-0.080397783,0.107264048,0.00573822,-0.023238901,0.15754536,-0.170830102,-0.19205187,-0.498247674,-0.433785954,-0.433785954,0.022444447,-0.189613784,0.127908738,0.071480644,0.006364214,0.146795724,0.119243721,0.107387855,0.09211426,0.144722419,0.132641398,0.012431473,0.070930619,0.319700065,0.111193305,0.236032352,0.311833986,0.366795979,0.24453284,0.11058983,0.313223345,0.22106056,0.061437603,0.190084851,0.095844525,0.084757371,-0.036564256,0.067004226,0.070786069,0.028751701,0.028751701,0.043993665,0.025978364,0.025978364,0.039830251,0.065749488,0.065749488,0.11159506,0.025608328,0.025608328,0.0719066,-0.390197681,-0.20091032,-0.135304023,-0.135304022,-0.054914888,-0.225428188,0.28832244,0.275986142,0.275986142,0.197354684,0.254103281,-0.482946535,-0.00406779,-0.004546353,-0.004418199,-0.563760355,-0.620285096,0.04285795,0.017510372,0.041761342,-0.479301451,-0.491038448,-0.658956135,-0.085358748,0.422448124,0.422448109,-0.563434822,-0.598998306,0.899155906,0.210815295,0.228006779,0.297280773,0.10904134,0.298405,0.098741332,0.095923796,0.226829512,0.371973892,0.39473795,0.011079938,-0.063820831,-0.147971174,-0.012571576,0.34902771T,fast_fd_ct,,,,,,0.004578037,0.004578037,0.004578037,-0.043222326,0.070193619,0.405836058,0.18046902,0.209061158,0.139192456,0.148801324,0.109360377,-0.004830855,1,0.666772936,0.479725856,0.479725872,0.479725855,0.22904606,0.146337602,0.15087938,0.22229621,0.134145512,0.027005882,0.220364432,0.235012641,0.565805875,0.156095301,0.091659442,0.066189383,-0.021674572,-0.020988448,-0.020988449,0.062878781,0.200665403,0.200910051,0.122203709,0.194248492,0.225045306,0.287827783,0.07916336,0.13507759,0.224938541,0.183870199,0.120410628,0.183195085,0.055560513,0.059587786,0.034016161,0.108654559,0.160782574,-0.052892168,0.092599661,0.10320038,0.091488081,0.046827729,0.076662611,-0.016044465,0.04913673,0.055240107,0.019593054,0.031436013,0.53125213,0.53125213,0.3547433,0.581597298,0.581597298,0.47401051,0.582094571,0.582094571,0.096309647,0.57075321,0.57075321,0.066674954,0.004792862,0.23364747,0.309425362,0.309425361,0.109360377,0.186825607,-0.014482625,-0.074359352,-0.074359352,0.28289436,0.354041911,0.098098367,0.327857703,0.128013225,0.32307914,0.019531111,0.024093806,0.159530448,0.137535155,0.163978354,0.095858946,0.068382393,0.070872477,0.343938081,0.006528916,0.006528907,-0.042392788,0.10259185,-0.029273185,0.087529083,0.03573458,0.077302392,0.114624089,0.046024253,0.097989677,0.048891922,-0.052107824,0.078152684,0.02326545,-0.495692572,-0.325267346,-0.278458316,-0.136724139,0.082846626U,grocery_ct,,,,,,0.071241304,0.071241304,0.071241304,0.064518104,0.127071391,0.362705381,0.171020067,0.249805942,0.217236936,0.107862734,0.072483029,-0.027823509,0.666772936,1,0.37165945,0.371659511,0.37165945,0.607542378,0.157089011,0.1788773,0.221998614,0.076927669,0.02949715,0.220682953,0.195108641,0.416770532,0.216414945,0.080446973,0.043067233,0.035833763,0.019829695,0.019829695,0.027912707,0.132613092,0.205531132,0.146018488,0.15237165,0.287899843,0.229504712,0.120901701,0.193197223,0.283778987,0.211381891,0.101541538,0.15345523,0.135883901,0.11769388,0.081318221,0.254017835,0.182298174,0.0460231,0.173326464,0.244166624,0.171482703,0.073843038,0.112656206,0.066701544,0.176354367,0.080809674,0.134182907,0.083105131,0.444109507,0.444109507,0.3035028,0.517008509,0.517008509,0.413059307,0.572324747,0.572324747,0.215945464,0.507749766,0.507749766,0.147233451,0.071309094,0.170010852,0.16119379,0.161193789,0.072483029,0.108167814,0.072926334,0.030200295,0.030200296,0.218686742,0.289052044,0.066463586,0.306073786,0.100849655,0.299028569,0.079212731,0.085183448,0.1525837,0.104785578,0.153683341,0.0963814,0.081941592,0.107426716,0.175431553,-0.008704706,-0.008704729,0.018624895,0.062815058,-0.049397715,0.157087666,0.063322323,0.202109998,0.107121727,0.101103791,0.161020492,0.093795087,0.037072923,0.123278374,0.083701222,-0.433921159,-0.327919363,-0.240949014,-0.18651646,0.189300151V,fast_f_den,,,,,,-0.04474071,-0.04474071,-0.04474071,0.267430719,0.22144941,0.331056618,0.462748374,0.436022307,0.343098418,-0.017569823,-0.050907322,0.088272162,0.479725856,0.37165945,1,1,1,0.573467885,0.066900664,0.062904469,0.062717448,-0.052510667,-0.062811296,0.19228924,0.107975769,0.12547503,0.429437527,-0.058182266,-0.068794841,-0.04398024,-0.038973437,-0.038973437,0.019707398,-0.01465185,0.135315008,0.198107952,0.066234399,0.169099703,0.147980592,0.041696117,0.220703641,0.168025023,0.170063102,-0.014361867,0.114467978,0.209842723,0.205144153,0.13843441,0.268442225,0.280608053,0.084359898,0.242214386,0.260593543,0.214889231,-0.018518857,0.161233001,0.070913986,0.124180182,0.11614675,0.140753561,0.102620716,0.2375566,0.2375566,0.21434811,0.453520261,0.453520261,0.438369375,0.460522565,0.460522565,0.301115535,0.310234364,0.310234364,0.214184414,-0.044792112,-0.082273448,0.012029493,0.012029492,-0.050907322,-0.058945191,0.282175832,0.246512545,0.246512546,0.265469547,0.36230127,-0.16077132,0.280328215,0.229560111,0.292877123,-0.066848851,-0.041816041,0.275191001,0.299071273,0.290150865,-0.076945684,-0.078204916,-0.096702709,-0.061354362,0.156142393,0.156142428,-0.051372579,-0.088067443,0.095624532,0.206838792,0.10398989,0.224210731,0.15275112,0.168386012,0.234898757,0.175491936,0.078944498,0.237796745,0.195165405,-0.413811213,-0.346378524,-0.302463964,-0.211085373,0.275178126W,ff_dens_ac,,,,,,-0.044740982,-0.044740982,-0.044740982,0.267430752,0.221449525,0.331056485,0.462748053,0.436022203,0.343098501,-0.017569753,-0.050907141,0.088272153,0.479725872,0.371659511,1,1,1,0.573467905,0.066900808,0.062904872,0.062717869,-0.05251043,-0.062811043,0.192289309,0.10797565,0.125474966,0.429437476,-0.058182105,-0.068794681,-0.043980273,-0.038973461,-0.038973462,0.019707017,-0.014651839,0.135315188,0.198108091,0.066234399,0.169099738,0.147980607,0.041696372,0.220703413,0.16802506,0.170062773,-0.01436208,0.114467881,0.209843027,0.205144237,0.138434431,0.268442412,0.280608176,0.084360271,0.242214244,0.26059371,0.214889156,-0.018518824,0.161233078,0.070914193,0.124180409,0.116146898,0.140753838,0.102620824,0.237556644,0.237556644,0.214347907,0.453520437,0.453520437,0.438369334,0.460522676,0.460522676,0.301115681,0.310234399,0.310234399,0.214184421,-0.044792383,-0.082273193,0.012029431,0.01202943,-0.050907141,-0.058945153,0.282175865,0.246512675,0.246512676,0.265469436,0.362301176,-0.160771148,0.280328095,0.229559979,0.292876992,-0.066848845,-0.041816049,0.275190782,0.299070993,0.290150629,-0.07694579,-0.078205014,-0.096702777,-0.061354199,0.156142531,0.156142567,-0.051372685,-0.088067534,0.095624478,0.20683867,0.103989953,0.224210825,0.152751259,0.168386344,0.234898636,0.17549203,0.07894472,0.237796807,0.195165626,-0.41381106,-0.346378436,-0.302463841,-0.211085227,0.275178272X,ff_den_100,,,,,,-0.04474071,-0.044740709,-0.04474071,0.267430719,0.221449409,0.331056617,0.462748373,0.436022306,0.343098418,-0.017569824,-0.050907325,0.088272162,0.479725855,0.37165945,1,1,1,0.573467886,0.066900664,0.062904469,0.062717448,-0.052510667,-0.062811294,0.192289239,0.107975766,0.125475027,0.429437527,-0.058182265,-0.068794839,-0.043980239,-0.038973436,-0.038973436,0.019707398,-0.014651852,0.135315008,0.198107951,0.066234398,0.169099703,0.147980591,0.041696117,0.220703639,0.168025023,0.170063101,-0.014361869,0.114467977,0.209842723,0.205144153,0.138434411,0.268442226,0.280608054,0.084359898,0.242214384,0.260593545,0.21488923,-0.018518857,0.161233001,0.070913988,0.124180181,0.116146751,0.14075356,0.102620715,0.237556598,0.237556598,0.214348108,0.453520259,0.453520259,0.438369374,0.460522564,0.460522564,0.30111554,0.310234364,0.310234364,0.214184416,-0.044792112,-0.082273449,0.01202949,0.01202949,-0.050907325,-0.058945195,0.282175831,0.246512545,0.246512546,0.265469546,0.362301269,-0.16077132,0.280328213,0.22956011,0.29287712,-0.066848851,-0.041816041,0.275191,0.299071271,0.290150864,-0.076945686,-0.078204917,-0.096702709,-0.061354363,0.156142393,0.156142428,-0.051372578,-0.088067444,0.095624532,0.206838791,0.10398989,0.224210732,0.15275112,0.168386013,0.234898756,0.175491935,0.078944499,0.237796744,0.195165406,-0.413811211,-0.346378525,-0.302463963,-0.211085375,0.275178126Y,grocer_den,,,,,,-0.049769697,-0.049769698,-0.049769697,0.366369523,0.267835354,0.252981928,0.348776393,0.422753696,0.419140109,-0.046097179,-0.049797855,0.097259277,0.22904606,0.607542378,0.573467885,0.573467905,0.573467886,1,0.064979234,0.070947663,0.072394443,-0.068351317,-0.065644971,0.178138082,0.035790137,0.07752886,0.422233224,-0.06837859,-0.093466409,-0.049869456,-0.043654941,-0.043654941,-0.005189449,-0.047199609,0.144579608,0.184951803,0.063708297,0.186636932,0.123486919,0.113121893,0.230186976,0.181802648,0.193210534,-0.001694691,0.100242968,0.273105551,0.228583933,0.190770743,0.356066085,0.294165452,0.202356034,0.286946124,0.345133415,0.291362314,0.03378708,0.188894508,0.159512328,0.291774353,0.132655543,0.239729987,0.148326806,0.173583947,0.173583947,0.154280649,0.335160406,0.335160406,0.312564561,0.390322572,0.390322572,0.369877769,0.232895331,0.232895331,0.242395993,-0.049867782,-0.094464904,-0.035096586,-0.035096587,-0.049797855,-0.084821364,0.393569844,0.38232882,0.38232882,0.150795323,0.214667946,-0.182309854,0.191828837,0.135160177,0.197379002,-0.071923979,-0.06010063,0.19817888,0.163545711,0.202842493,-0.090876917,-0.090546103,-0.114306521,-0.10167813,0.184469916,0.184469904,-0.055523994,-0.097325114,0.105369033,0.273168207,0.141003792,0.290146109,0.116604795,0.215749812,0.255011427,0.200215929,0.176643256,0.297002321,0.276993874,-0.258972101,-0.247249155,-0.186238352,-0.22358057,0.356291551Z,library_p,,,,,,0.10067101,0.10067101,0.10067101,0.021443364,0.041105443,0.130732363,0.015088855,0.073469288,0.062177042,0.061427046,0.023402594,-0.054762214,0.146337602,0.157089011,0.066900664,0.066900808,0.066900664,0.064979234,1,0.118846677,0.137587819,0.082400347,0.072367732,0.034691386,0.032190581,0.07761916,0.058414048,0.107164538,0.080030798,0.127697333,0.101048552,0.101048552,-0.020279359,0.06812579,0.101415583,0.381152746,0.080582195,0.090222871,0.101283836,0.052080918,0.056245916,0.088523799,0.022154543,0.018623338,0.066623638,0.054223277,0.372052554,0.051665362,0.055405613,0.058117084,0.009964816,0.066753319,0.053298428,0.001873637,0.002255128,0.035870066,-0.009679883,-0.003744004,0.028319314,0.022964142,-0.020647597,0.09393204,0.09393204,0.058468653,0.119189977,0.119189977,0.094945624,0.120150542,0.120150542,0.035397979,0.086765535,0.086765535,0.038673871,0.100656119,0.015816321,0.026468768,0.026468767,0.023402594,0.027269421,-0.017430628,-0.043923727,-0.043923728,0.065890431,0.069250828,0.052718338,0.039277473,0.061502517,0.04509913,0.112503746,0.08463832,0.020805903,0.057876286,0.026093916,0.067156839,0.063462046,0.088510366,0.050120614,-0.030022064,-0.030022054,0.113155711,-0.010931602,-0.051843871,0.009490401,0.054129139,0.049545234,0.022111042,0.045659253,0.068516495,0.346859289,0.009215124,0.003530828,0.024454908,-0.121954078,-0.089724069,-0.061290087,-0.029045484,0.112737496AA,child_care,,,,,,0.073290999,0.073290999,0.073290999,-0.022929797,0.030436362,0.123165394,-0.030137382,0.03538678,0.035965006,0.179242741,0.181958435,-0.025688162,0.15087938,0.1788773,0.062904469,0.062904872,0.062904469,0.070947663,0.118846677,1,0.852074367,0.130930185,0.29308682,0.157878066,-0.003598562,0.1765049,0.034978271,0.153169718,0.108805868,0.010393358,-0.011651989,-0.011651989,0.026665723,0.184290079,0.325703573,0.038573637,0.124715038,0.121531198,0.144085018,0.197765485,0.085940732,0.123814222,0.039622652,0.049749493,0.074234184,0.280848525,0.017518472,-0.011262428,0.027866758,0.040420779,0.104775886,0.056514869,0.027356451,-0.009667799,-0.012789352,-0.021187592,0.008848859,0.039608156,-0.01741607,0.047547132,-0.008890212,0.224838633,0.224838633,0.092358439,0.151463328,0.151463328,0.057498469,0.163171984,0.163171984,0.053082179,0.126378112,0.126378112,0.030174397,0.073069348,0.172770684,0.047788595,0.047788594,0.181958435,0.175972023,-0.0202335,-0.059633489,-0.059633489,0.103353566,0.152813723,0.169374146,0.050510697,0.062150488,0.055650898,0.058939802,0.018649171,0.003811917,0.03105191,0.007191224,0.10464628,0.100504947,0.10535752,0.18375402,-0.037783655,-0.037783678,0.012608756,0.019421423,-0.031919303,-0.014827533,-0.009771139,0.027250728,0.006073911,0.237207619,0.052356135,0.006193693,0.08297496,-0.030621307,0.012566021,-0.140885197,-0.15525337,-0.136617984,-0.091368914,0.075579526AB,chld_cr_ct,,,,,,0.050219831,0.050219831,0.050219831,-0.025074068,0.025179987,0.144427728,-0.025703827,0.042588385,0.047646261,0.150051371,0.164608024,-0.013247661,0.22229621,0.221998614,0.062717448,0.062717869,0.062717448,0.072394443,0.137587819,0.852074367,1,0.129367104,0.288440924,0.173712628,-0.007185966,0.242607099,0.066887285,0.157725108,0.119724755,0.017118313,-0.004386702,-0.004386702,0.044487895,0.165451373,0.301227788,0.040182322,0.117750887,0.119920322,0.146825329,0.179900203,0.070952973,0.120844485,0.02069553,0.045784934,0.058365223,0.26317968,0.02422443,0.007307105,0.043999032,0.0666533,0.106685702,0.058140874,0.042745511,-0.007285294,-0.004926098,-0.016582922,-0.002256698,0.074015739,-0.004426815,0.043009628,-0.01608618,0.252210366,0.252210366,0.10412527,0.179783052,0.179783052,0.077833853,0.205367876,0.205367876,0.102095846,0.187763539,0.187763539,0.073246643,0.049977417,0.177348695,0.081429078,0.081429077,0.164608024,0.164545263,-0.024556039,-0.05972486,-0.059724859,0.11626983,0.148459398,0.157805774,0.055769972,0.037524394,0.057138353,0.053905886,0.012100912,0.003841959,0.009673412,0.004698994,0.080602482,0.07258728,0.083670192,0.200943358,-0.027307417,-0.027307417,-0.007511754,0.033758289,-0.026020294,-0.0157705,0.01421116,0.036251735,-0.003755659,0.225758914,0.049556589,0.01063619,0.082086502,-0.022832688,0.025407504,-0.152449575,-0.176411135,-0.157561637,-0.122022951,0.08087217AC,park_count,,,,,,0.191059313,0.191059313,0.191059313,-0.247158707,-0.010885798,0.011655492,-0.005409456,-0.085297483,-0.120877239,0.232434908,0.263495201,-0.265348538,0.134145512,0.076927669,-0.052510667,-0.05251043,-0.052510667,-0.068351317,0.082400347,0.130930185,0.129367104,1,0.207540409,0.027643347,0.07037487,0.195645502,-0.105164319,0.660152521,0.506369388,0.098064001,0.08077976,0.08077976,0.021331243,0.465027799,0.147097254,0.071560329,0.508979793,0.088105146,0.19662212,0.135597522,-0.018379838,0.092904411,0.078630951,0.095112149,0.253815759,-0.152915087,-0.025416377,0.137647899,-0.158197616,-0.153424522,-0.15167323,-0.06173339,-0.156471239,-0.079426244,-0.036222769,0.000845285,-0.089160009,-0.061022446,0.011048778,-0.103573568,-0.059266923,0.248478993,0.248478993,0.148090266,0.126918056,0.126918056,0.09338059,0.095647014,0.095647014,-0.121016152,0.191866133,0.191866133,-0.095546942,0.191519846,0.353622773,0.285031663,0.285031662,0.263495201,0.471358794,-0.182528293,-0.244646242,-0.244646242,-0.021920946,-0.054408132,0.484077387,0.127312935,0.018091781,0.12107819,0.281849048,0.192901295,0.027282492,0.010227826,0.026476227,0.325011613,0.32258622,0.324110237,0.448314041,-0.128426773,-0.128426756,0.110298031,0.27551631,-0.303879831,-0.092972965,0.122190271,-0.145428384,0.065514564,-0.139068949,-0.055245538,-0.036043066,-0.150319416,-0.092313684,-0.051082262,-0.114010447,0.03121201,0.076820308,0.001017334,-0.105014458AD,elem_sch_p,,,,,,0.083909108,0.083909108,0.083909108,-0.096553334,-0.077746082,-0.058493781,-0.090962061,-0.107216485,-0.09571698,0.179576379,0.218086163,-0.080397783,0.027005882,0.02949715,-0.062811296,-0.062811043,-0.062811294,-0.065644971,0.072367732,0.29308682,0.288440924,0.207540409,1,0.045661146,-0.024639555,0.082940461,-0.064823724,0.235991261,0.202044326,0.059344324,0.016471273,0.016471273,-0.018280714,0.208260047,0.117203789,-0.030823142,0.174608509,0.057095811,0.097191286,0.362620547,-0.01746425,0.054993146,0.020788426,0.033033788,0.081264299,0.001630453,-0.058242054,0.01148467,-0.055414687,-0.0591372,0.270469412,-0.050651492,-0.060918341,-0.04999697,-0.025117765,-0.0183839,0.044620668,-0.01963635,-0.073854982,0.025242965,-0.027858975,0.157960085,0.157960085,0.005179647,0.051111113,0.051111113,-0.029672689,0.049582356,0.049582356,-0.008738938,0.007840612,0.007840612,-0.021322096,0.08388874,0.209582187,0.037664463,0.037664463,0.218086163,0.237538557,-0.072758447,-0.132454365,-0.132454365,0.014651469,0.003722299,0.252778495,-0.013175269,-0.011991401,-0.013931568,0.111213254,0.048960833,-0.0442534,-0.024523025,-0.043880618,0.140206145,0.13971372,0.147060871,0.236097409,0.007266264,0.007266273,0.053430759,0.067089045,-0.08474009,-0.05608471,0.025786088,-0.055289405,-0.020722833,-0.004449711,-0.057436289,-0.060125493,0.210985833,-0.027366902,0.097981574,-0.012877965,-0.001066544,-0.006843752,-0.004082773,0.006601619AE,bus_stop_p,,,,,,-0.080085628,-0.080085628,-0.080085628,0.155718042,0.172128461,0.264689596,0.142214073,0.251493464,0.235691112,0.126957994,0.130885722,0.107264048,0.220364432,0.220682953,0.19228924,0.192289309,0.192289239,0.178138082,0.034691386,0.157878066,0.173712628,0.027643347,0.045661146,1,0.09339017,0.448153392,0.515300485,0.053532609,-0.010899277,-0.088744868,-0.094002982,-0.094002982,0.057343509,0.130477255,0.249014409,0.092177784,0.138521147,0.234820858,0.243501574,0.168722861,0.187658853,0.237948745,0.241323618,0.073156278,0.099302337,0.208885602,0.0712589,0.079075528,0.21651819,0.239382592,0.108291001,0.18598469,0.218956066,0.231094323,0.03839759,0.055011945,0.167324595,0.123910537,-0.016222636,0.192323563,0.102156946,0.304852471,0.304852471,0.184889218,0.302782094,0.302782094,0.213422433,0.340097932,0.340097932,0.243044904,0.282651106,0.282651106,0.183425454,-0.080252219,0.146200173,0.075778474,0.075778475,0.130885722,0.127225227,0.144591886,0.093874966,0.093874965,0.27516492,0.329077289,-0.022365032,0.130209156,0.013329523,0.123115994,-0.087804712,-0.102449847,0.114020621,0.03920856,0.110233903,-0.037046253,-0.04165352,-0.071783602,0.130653657,0.095357908,0.095357864,-0.109334957,-0.055606443,0.103828608,0.200900001,0.068248926,0.194328547,0.065845181,0.180126425,0.178388321,0.058785893,0.106708146,0.170465452,0.122020934,-0.302621926,-0.336895498,-0.325571168,-0.179814877,0.214494439AF,lrt_cr_stp,,,,,,-0.011550773,-0.011550772,-0.011550773,-0.033885081,0.063784437,0.231996611,0.255624756,0.176590316,0.085157385,0.026553849,0.023830644,0.00573822,0.235012641,0.195108641,0.107975769,0.10797565,0.107975766,0.035790137,0.032190581,-0.003598562,-0.007185966,0.07037487,-0.024639555,0.09339017,1,0.201382904,0.082545179,0.045900372,0.02638029,-0.023582058,-0.020534041,-0.020534042,0.049301335,0.081236869,0.066759589,0.085107062,0.056549621,0.128191802,0.13390341,-0.037568166,0.113012935,0.126224477,0.213785807,0.121762608,0.133021525,-0.013075456,0.018992948,0.008687384,0.051402039,0.058191478,-0.070762707,0.079890163,0.040271728,0.141558931,0.106937897,0.058996437,-0.02976757,0.080114059,0.077940048,0.031630799,0.025775188,0.2460445,0.2460445,0.2186293,0.318728242,0.318728242,0.324930472,0.321679883,0.321679883,0.022647763,0.240553715,0.240553715,-0.020618578,-0.011575896,0.145639519,0.160609407,0.160609405,0.023830644,0.073770443,-0.015528287,-0.07818077,-0.07818077,0.205585186,0.180178841,-0.018587024,0.315904593,0.258388845,0.33000388,0.004632877,0.038989869,0.272527418,0.264625255,0.283623442,0.021976504,0.007205022,0.009627185,0.062312916,-0.043054832,-0.043054883,-0.026064266,-0.010851098,0.013611363,0.13681969,-0.000546063,0.040167704,0.122924808,-0.015019808,0.084824727,0.012870358,-0.066052345,0.070589072,-0.016606499,-0.321563218,-0.201958939,-0.135914495,-0.063807219,0.052697122AG,bus_stp_ct,,,,,,0.165692279,0.165692279,0.165692279,-0.055257003,0.078805277,0.291673852,0.130262865,0.152150657,0.096096378,0.32417509,0.47206407,-0.023238901,0.565805875,0.416770532,0.12547503,0.125474966,0.125475027,0.07752886,0.07761916,0.1765049,0.242607099,0.195645502,0.082940461,0.448153392,0.201382904,1,0.327052884,0.148093797,0.099428494,-0.026311031,-0.038291108,-0.038291108,0.103263587,0.345674861,0.259637625,0.06743936,0.283025838,0.255177356,0.287602132,0.080224143,0.160840552,0.25569521,0.204175961,0.296956479,0.211400952,0.033274264,0.013162589,0.015321453,0.054730486,0.067888005,-0.054476657,0.098549919,0.049316891,0.085619882,0.079376922,0.028183634,0.003031612,0.062925039,0.037163717,0.033852635,0.035756524,0.421901422,0.421901422,0.24460425,0.403056679,0.403056679,0.286312485,0.472173181,0.472173181,0.081660465,0.474072325,0.474072325,0.054851456,0.165986131,0.308415545,0.557717174,0.557717176,0.47206407,0.452788147,-0.061781117,-0.105257993,-0.105257993,0.238936217,0.272662174,0.121797321,0.299646918,0.065378326,0.288130093,0.008312752,0.014398959,0.16171577,0.076846403,0.158848606,0.40031032,0.376370948,0.104699143,0.316845488,-0.051010099,-0.051010157,-0.043575391,0.14795848,-0.047990576,0.071157307,0.029833439,0.038091471,0.049808135,0.025913825,0.088631064,0.012498772,-0.041550242,0.028227679,-0.02233866,-0.351688364,-0.288263112,-0.239099572,-0.123311634,0.047640297AH,bus_sp_den,,,,,,-0.080589926,-0.080589926,-0.080589926,0.435208849,0.350325459,0.317805045,0.498881802,0.547091688,0.471792695,-0.073973383,-0.088706321,0.15754536,0.156095301,0.216414945,0.429437527,0.429437476,0.429437527,0.422233224,0.058414048,0.034978271,0.066887285,-0.105164319,-0.064823724,0.515300485,0.082545179,0.327052884,1,-0.105338167,-0.135147079,-0.081905428,-0.072043762,-0.072043762,0.029776545,-0.063086582,0.179288386,0.177013664,0.063518423,0.199155885,0.155158238,0.108508266,0.332536419,0.196969039,0.26049566,0.014154661,0.120159066,0.331559067,0.228456604,0.211720455,0.371190546,0.36675578,0.222438843,0.38589128,0.358867987,0.361651169,0.031439948,0.215998292,0.159386164,0.240670679,0.167516529,0.237697458,0.176393474,0.188228947,0.188228947,0.188964594